jumalahNode = 16
latitude = -6.89293
longitude = 107.611009
listKoordinat = [(-6.892615, 107.610427),
                 (-6.891919, 107.610392),
                 (-6.891360, 107.611044),
                 (-6.891022, 107.611039),
                 (-6.891035, 107.609718),
                 (-6.892633, 107.608776),
                 (-6.891045, 107.608679),
                 (-6.891046, 107.608193),
                 (-6.890972, 107.611548),
                 (-6.891327, 107.612175),
                 (-6.890967, 107.612101),
                 (-6.889843, 107.611538),
                 (-6.889918, 107.609011),
                 (-6.888740, 107.609041),
                 (-6.888710, 107.611514),
                 (-6.890107, 107.608222)]

listNode = ["Jalan A-I","Jalan A-B","Jalan B-VI","Jalan B-II Timur","Jalan B-II Barat","Jalan C-D-I","Jalan C-II","Jalan D-II","Jalan G-II","Jalan I-VI","Jalan H-I-II","Jalan G-IV","Jalan E-III-IV","Jalan E-V","Jalan G-V","Jalan D-III"]

matrix = [(0,1,0,0,0,1,0,0,0,1,0,0,0,0,0,0),
                   (1,0,1,0,1,0,0,0,0,0,0,0,0,0,0,0),
                   (0,1,0,1,0,0,0,0,0,1,0,0,0,0,0,0),
                   (0,0,1,0,1,0,0,0,1,0,0,0,0,0,0,0),
                   (0,1,0,1,0,0,1,0,0,0,0,0,0,0,0,0),
                   (1,0,0,0,0,0,1,1,0,0,0,0,0,0,0,0),
                   (0,0,0,0,1,1,0,1,0,0,0,0,0,0,0,0),
                   (0,0,0,0,0,1,1,0,0,0,0,0,0,0,0,1),
                   (0,0,0,1,0,0,0,0,0,0,1,1,0,0,0,0),
                   (1,0,1,0,0,0,0,0,0,0,1,0,0,0,0,0),
                   (0,0,0,0,0,0,0,0,1,1,0,0,0,0,0,0),
                   (0,0,0,0,0,0,0,0,1,0,0,0,1,0,1,0),
                   (0,0,0,0,0,0,0,0,0,0,0,1,0,1,0,1),
                   (0,0,0,0,0,0,0,0,0,0,0,0,1,0,1,0),
                   (0,0,0,0,0,0,0,0,0,0,0,1,0,1,0,0),
                   (0,0,0,0,0,0,0,1,0,0,0,0,1,0,0,0)
                   ]

